posX,posY (w,h)

COMBATE
 
1,1 (47,47)      /    51,1 (47,47)      /    101,1 (47,47)      /    151,1 (47,47)      /    201,1 (47,47)      /    251,1 (47,47)      /    301,1 (47,47)     	/    351,1 (47,47)  
/  401,1 (47,47)   	/    451,1 (132,44)

1,51 (47,47)     /    51,51 (47,47)     /    101,51 (47,47)     /    151,51 (47,47)     /    201,51 (47,47)     /    251,51 (47,47)     /    301,51 (47,47)     /    351,1 (47,47)  
/  401,1 (47,47)   	/    451,45 (132,44)

1,101 (47,47)    /    51,101 (47,47)    /    101,101 (47,47)    /    151,101 (47,47)    /    201,101 (47,47)    /    251,101 (47,47)    /    301,101 (47,47)     /    351,1 (47,47)  
/  401,1 (47,47)   	/    451,89 (132,44)

1,151 (47,47)    /    51,151 (47,47)    /    101,151 (47,47)    /    151,151 (47,47)    /    201,151 (47,47)    /    251,151 (47,47)     /    301,1 (47,47)  
/  351,1 (47,47)   	/    401,151 (73,73)    
   	

1,201 (47,47)    /    51,201 (47,47)    /    101,201 (47,47)    /    151,201 (47,47)    /    201,201 (47,47)    /    251,201 (47,47)     /    301,1 (47,47)  
/  351,1 (47,47)   	/    401,228 (73,73)     


1,251 (47,47)    /    51,251 (47,47)    /    101,251 (47,47)    /    151,251 (47,47)    /    201,251 (47,47)    /    251,251 (47,47)    /    301,251 (47,47)

1,301 (47,47)    /    51,301 (47,47)    /    101,301 (47,47)    /    151,301 (47,47)    /    201,301 (47,47)    /    251,301 (47,47)    /    301,301 (47,47)

1,351 (47,47)    /    51,351 (47,47)    /    101,351 (47,47)    /    151,351 (47,47)    /    20 1,351 (47,47)   /    251,351 (47,47)    /    301,351 (47,47)


DIALOGO

Respuestas

0,0 (371,65)
0,67 (371,65)
0,134 (371,65)

Nombre Dialogo

0,213 (306,61)

Texto

0,0 (1270,236)

SETTINGS

1,1 (154,66)    /    156,1 (69,65)            			       /    224,0 (230,94)
1,67 (154,66)    /    156,67 (69,64)/    			       /    51,100 (230,94)
1,132 (154,66)         		                                       /    51,191 (230,94)
0,200 (62,63)    /    62,200 (62,63)    /    124,200 (62,63)
1,298 (256,16)
4,324 (36,60)

INVENTARIO

0,0 (164,248)


